
Call:
PCA(X = decathlon, ind.sup = 1:5, quanti.sup = 11:12, quali.sup = 13) 


Eigenvalues
                       Dim.1   Dim.2   Dim.3   Dim.4   Dim.5   Dim.6   Dim.7   Dim.8   Dim.9  Dim.10 
Variance               3.488   1.785   1.361   0.946   0.655   0.545   0.470   0.403   0.190   0.157 
% of var.             34.876  17.853  13.615   9.459   6.552   5.448   4.698   4.032   1.901   1.566 
Cumulative % of var.  34.876  52.729  66.344  75.803  82.355  87.803  92.501  96.533  98.434 100.000 

Individuals
                Dist    Dim.1    ctr   cos2    Dim.2    ctr   cos2    Dim.3    ctr   cos2   
WARNERS     |  2.414 |  0.283  0.064  0.014 | -1.584  3.903  0.430 |  1.082  2.389  0.201 | 
ZSIVOCZKY   |  2.462 |  0.429  0.146  0.030 | -1.060  1.749  0.185 | -1.342  3.675  0.297 | 
McMULLEN    |  2.557 |  0.659  0.346  0.066 |  0.380  0.225  0.022 | -0.274  0.153  0.012 | 
MARTINEAU   |  3.688 | -1.771  2.497  0.230 |  0.381  0.226  0.011 | -0.900  1.651  0.059 | 
HERNU       |  2.790 | -1.574  1.973  0.318 |  0.606  0.571  0.047 |  0.769  1.205  0.076 | 
BARRAS      |  1.883 | -1.277  1.299  0.460 | -0.258  0.103  0.019 | -0.051  0.005  0.001 | 
NOOL        |  3.615 | -2.126  3.600  0.346 | -2.023  6.370  0.313 | -1.157  2.732  0.102 | 
BOURGUIGNON |  4.292 | -3.980 12.615  0.860 |  0.342  0.182  0.006 |  1.214  3.005  0.080 | 
Sebrle      |  4.906 |  4.081 13.263  0.692 |  1.407  3.082  0.082 |  0.249  0.127  0.003 | 
Clay        |  4.704 |  3.907 12.157  0.690 |  1.078  1.808  0.052 |  0.650  0.862  0.019 | 
Karpov      |  4.973 |  4.503 16.147  0.820 |  0.237  0.087  0.002 |  0.290  0.172  0.003 | 
Macey       |  3.431 |  2.415  4.645  0.495 |  0.949  1.402  0.077 | -1.540  4.839  0.201 | 
Warners     |  2.925 |  2.044  3.326  0.488 | -1.566  3.814  0.286 |  1.239  3.133  0.179 | 
Zsivoczky   |  2.597 |  1.149  1.051  0.196 |  1.085  1.832  0.175 | -1.115  2.537  0.184 | 
Hernu       |  1.810 |  1.043  0.867  0.332 | -0.650  0.657  0.129 | -0.648  0.858  0.128 | 
Nool        |  3.183 |  0.232  0.043  0.005 | -1.363  2.890  0.183 |  1.782  6.481  0.314 | 
Bernard     |  2.785 |  1.957  3.049  0.494 |  0.008  0.000  0.000 | -0.438  0.391  0.025 | 
Schwarzl    |  1.983 |  0.080  0.005  0.002 | -1.237  2.381  0.389 |  1.098  2.460  0.307 | 
Pogorelov   |  2.474 |  0.475  0.179  0.037 |  0.904  1.273  0.134 |  1.620  5.355  0.429 | 
Schoenbeck  |  1.855 |  0.116  0.011  0.004 |  0.115  0.021  0.004 |  0.870  1.544  0.220 | 
Barras      |  2.188 |  0.238  0.045  0.012 |  0.304  0.144  0.019 | -1.558  4.953  0.507 | 
Smith       |  3.492 |  1.040  0.862  0.089 |  1.141  2.026  0.107 | -1.920  7.520  0.302 | 
Averyanov   |  2.420 |  0.343  0.094  0.020 | -1.409  3.088  0.339 |  0.697  0.992  0.083 | 
Ojaniemi    |  2.257 |  0.385  0.118  0.029 | -0.657  0.672  0.085 |  0.042  0.004  0.000 | 
Smirnov     |  1.928 | -0.282  0.063  0.021 | -1.050  1.715  0.297 | -1.066  2.318  0.306 | 
Qi          |  1.665 | -0.271  0.058  0.026 | -0.258  0.104  0.024 | -1.090  2.424  0.428 | 
Drews       |  3.354 | -0.319  0.081  0.009 | -2.860 12.730  0.727 |  1.234  3.109  0.135 | 
Parkhomenko |  3.412 | -0.822  0.539  0.058 |  1.987  6.141  0.339 | -0.790  1.274  0.054 | 
Terek       |  3.411 | -0.841  0.563  0.061 |  0.735  0.840  0.046 |  2.369 11.449  0.482 | 
Gomez       |  2.527 | -0.176  0.025  0.005 | -1.161  2.097  0.211 | -1.268  3.279  0.252 | 
Turi        |  3.036 | -1.448  1.669  0.227 |  0.556  0.481  0.034 |  0.602  0.739  0.039 | 
Lorenzo     |  3.400 | -2.194  3.836  0.417 | -1.583  3.899  0.217 | -1.514  4.679  0.198 | 
Karlivans   |  2.577 | -1.895  2.862  0.541 | -0.237  0.087  0.008 | -0.455  0.422  0.031 | 
Korkizoglou |  4.229 | -1.225  1.194  0.084 |  2.494  9.678  0.348 |  2.422 11.964  0.328 | 
Uldal       |  2.846 | -2.435  4.724  0.732 |  0.358  0.200  0.016 | -0.672  0.922  0.056 | 
Casarsa     |  4.875 | -2.741  5.986  0.316 |  3.888 23.523  0.636 | -0.431  0.380  0.008 | 

Supplementary individuals
                Dist    Dim.1   cos2    Dim.2   cos2    Dim.3   cos2   
SEBRLE      |  2.559 |  0.766  0.090 |  0.903  0.124 |  1.200  0.220 | 
CLAY        |  3.742 |  1.024  0.075 |  1.032  0.076 |  1.903  0.259 | 
KARPOV      |  3.609 |  1.141  0.100 |  0.774  0.046 |  1.936  0.288 | 
BERNARD     |  2.880 | -0.599  0.043 | -0.766  0.071 |  1.242  0.186 | 
YURKOV      |  3.052 | -0.349  0.013 |  2.001  0.430 | -1.068  0.123 | 

Variables
               Dim.1    ctr   cos2    Dim.2    ctr   cos2    Dim.3    ctr   cos2   
100m        | -0.774 17.176  0.599 |  0.111  0.692  0.012 | -0.273  5.456  0.074 | 
Long.jump   |  0.724 15.043  0.525 | -0.344  6.614  0.118 |  0.278  5.690  0.077 | 
Shot.put    |  0.641 11.766  0.410 |  0.586 19.229  0.343 |  0.061  0.270  0.004 | 
High.jump   |  0.648 12.036  0.420 |  0.296  4.915  0.088 | -0.139  1.427  0.019 | 
400m        | -0.691 13.687  0.477 |  0.591 19.532  0.349 |  0.117  0.998  0.014 | 
110m.hurdle | -0.754 16.287  0.568 |  0.213  2.547  0.045 | -0.062  0.284  0.004 | 
Discus      |  0.554  8.813  0.307 |  0.621 21.610  0.386 | -0.096  0.677  0.009 | 
Pole.vault  |  0.002  0.000  0.000 | -0.173  1.667  0.030 |  0.763 42.744  0.582 | 
Javeline    |  0.370  3.929  0.137 |  0.301  5.088  0.091 | -0.368  9.941  0.135 | 
1500m       | -0.210  1.261  0.044 |  0.569 18.105  0.323 |  0.665 32.514  0.443 | 

Supplementary continuous variables
               Dim.1   cos2    Dim.2   cos2    Dim.3   cos2   
Rank        | -0.712  0.507 |  0.157  0.025 | -0.028  0.001 | 
Points      |  0.970  0.941 | -0.035  0.001 |  0.035  0.001 | 

Supplementary categories
                Dist    Dim.1   cos2 v.test    Dim.2   cos2 v.test    Dim.3   cos2 v.test   
Decastar    |  1.490 | -1.170  0.616 -1.981 | -0.402  0.073 -0.951 | -0.082  0.003 -0.224 | 
OlympicG    |  0.426 |  0.334  0.616  1.981 |  0.115  0.073  0.951 |  0.024  0.003  0.224 | 
